p 5 0
p 8 1
f 1668.60 100 0 0 0 50000 #
f 1668.70 100 0 0 0 50000 #
f 1668.80 100 0 0 0 50000 #
f 1668.90 100 0 0 0 50000 #
f 1669.00 100 0 0 0 50000 #
f 1669.10 100 0 0 0 50000 #
f 1669.20 100 0 0 0 50000 #
f 1669.30 100 0 0 0 50000 #
f 1669.40 100 0 0 0 50000 #
f 1669.50 100 0 0 0 50000 #
f 1669.60 100 0 0 0 50000 #
f 1669.70 100 0 0 0 50000 #
f 1669.80 100 0 0 0 50000 #
f 1669.90 100 0 0 0 50000 #
f 1670.00 100 0 0 0 50000 #
f 1670.10 100 0 0 0 50000 #
f 1670.20 100 0 0 0 50000 #
f 1670.30 100 0 0 0 50000 #
f 1670.40 100 0 0 0 50000 #
f 1670.50 100 0 0 0 50000 #
