p 5 0
p 8 1
f 1672.60 100 0 0 0 50000 #
f 1672.70 100 0 0 0 50000 #
f 1672.80 100 0 0 0 50000 #
f 1672.90 100 0 0 0 50000 #
f 1673.00 100 0 0 0 50000 #
f 1673.10 100 0 0 0 50000 #
f 1673.20 100 0 0 0 50000 #
f 1673.30 100 0 0 0 50000 #
f 1673.40 100 0 0 0 50000 #
f 1673.50 100 0 0 0 50000 #
f 1673.60 100 0 0 0 50000 #
f 1673.70 100 0 0 0 50000 #
f 1673.80 100 0 0 0 50000 #
f 1673.90 100 0 0 0 50000 #
f 1674.00 100 0 0 0 50000 #
f 1674.10 100 0 0 0 50000 #
f 1674.20 100 0 0 0 50000 #
f 1674.30 100 0 0 0 50000 #
f 1674.40 100 0 0 0 50000 #
f 1674.50 100 0 0 0 50000 #
