p 5 0
p 8 1
f 1670.60 100 0 0 0 50000 #
f 1670.70 100 0 0 0 50000 #
f 1670.80 100 0 0 0 50000 #
f 1670.90 100 0 0 0 50000 #
f 1671.00 100 0 0 0 50000 #
f 1671.10 100 0 0 0 50000 #
f 1671.20 100 0 0 0 50000 #
f 1671.30 100 0 0 0 50000 #
f 1671.40 100 0 0 0 50000 #
f 1671.50 100 0 0 0 50000 #
f 1671.60 100 0 0 0 50000 #
f 1671.70 100 0 0 0 50000 #
f 1671.80 100 0 0 0 50000 #
f 1671.90 100 0 0 0 50000 #
f 1672.00 100 0 0 0 50000 #
f 1672.10 100 0 0 0 50000 #
f 1672.20 100 0 0 0 50000 #
f 1672.30 100 0 0 0 50000 #
f 1672.40 100 0 0 0 50000 #
f 1672.50 100 0 0 0 50000 #
