p 5 0
p 8 1
f 1674.60 100 0 0 0 50000 #
f 1674.70 100 0 0 0 50000 #
f 1674.80 100 0 0 0 50000 #
f 1674.90 100 0 0 0 50000 #
f 1675.00 100 0 0 0 50000 #
f 1675.10 100 0 0 0 50000 #
f 1675.20 100 0 0 0 50000 #
f 1675.30 100 0 0 0 50000 #
f 1675.40 100 0 0 0 50000 #
f 1675.50 100 0 0 0 50000 #
f 1675.60 100 0 0 0 50000 #
f 1675.70 100 0 0 0 50000 #
f 1675.80 100 0 0 0 50000 #
f 1675.90 100 0 0 0 50000 #
f 1676.00 100 0 0 0 50000 #
f 1676.10 100 0 0 0 50000 #
f 1676.20 100 0 0 0 50000 #
f 1676.30 100 0 0 0 50000 #
f 1676.40 100 0 0 0 50000 #
f 1676.50 100 0 0 0 50000 #
