p 5 0
p 8 1
f 1676.60 100 0 0 0 50000 #
f 1676.70 100 0 0 0 50000 #
f 1676.80 100 0 0 0 50000 #
f 1676.90 100 0 0 0 50000 #
f 1677.00 100 0 0 0 50000 #
f 1677.10 100 0 0 0 50000 #
f 1677.20 100 0 0 0 50000 #
f 1677.30 100 0 0 0 50000 #
f 1677.40 100 0 0 0 50000 #
f 1677.50 100 0 0 0 50000 #
f 1677.60 100 0 0 0 50000 #
f 1677.70 100 0 0 0 50000 #
f 1677.80 100 0 0 0 50000 #
f 1677.90 100 0 0 0 50000 #
f 1678.00 100 0 0 0 50000 #
f 1678.10 100 0 0 0 50000 #
f 1678.20 100 0 0 0 50000 #
f 1678.30 100 0 0 0 50000 #
f 1678.40 100 0 0 0 50000 #
f 1678.50 100 0 0 0 50000 #
