p 5 0
p 8 1
f 1678.60 100 0 0 0 50000 #
f 1678.70 100 0 0 0 50000 #
f 1678.80 100 0 0 0 50000 #
f 1678.90 100 0 0 0 50000 #
f 1679.00 100 0 0 0 50000 #
f 1679.10 100 0 0 0 50000 #
f 1679.20 100 0 0 0 50000 #
f 1679.30 100 0 0 0 50000 #
f 1679.40 100 0 0 0 50000 #
f 1679.50 100 0 0 0 50000 #
f 1679.60 100 0 0 0 50000 #
f 1679.70 100 0 0 0 50000 #
f 1679.80 100 0 0 0 50000 #
f 1679.90 100 0 0 0 50000 #
f 1680.00 100 0 0 0 50000 #
f 1680.10 100 0 0 0 50000 #
f 1680.20 100 0 0 0 50000 #
f 1680.30 100 0 0 0 50000 #
f 1680.40 100 0 0 0 50000 #
f 1680.50 100 0 0 0 50000 #
