p 5 0
p 8 1
f 1680.60 100 0 0 0 50000 #
f 1680.70 100 0 0 0 50000 #
f 1680.80 100 0 0 0 50000 #
f 1680.90 100 0 0 0 50000 #
f 1681.00 100 0 0 0 50000 #
f 1681.10 100 0 0 0 50000 #
f 1681.20 100 0 0 0 50000 #
f 1681.30 100 0 0 0 50000 #
f 1681.40 100 0 0 0 50000 #
f 1681.50 100 0 0 0 50000 #
f 1681.60 100 0 0 0 50000 #
f 1681.70 100 0 0 0 50000 #
f 1681.80 100 0 0 0 50000 #
f 1681.90 100 0 0 0 50000 #
f 1682.00 100 0 0 0 50000 #
f 1682.10 100 0 0 0 50000 #
f 1682.20 100 0 0 0 50000 #
f 1682.30 100 0 0 0 50000 #
f 1682.40 100 0 0 0 50000 #
f 1682.50 100 0 0 0 50000 #
