p 5 0
p 8 1
f 1682.60 100 0 0 0 50000 #
f 1682.70 100 0 0 0 50000 #
f 1682.80 100 0 0 0 50000 #
f 1682.90 100 0 0 0 50000 #
f 1683.00 100 0 0 0 50000 #
f 1683.10 100 0 0 0 50000 #
f 1683.20 100 0 0 0 50000 #
f 1683.30 100 0 0 0 50000 #
f 1683.40 100 0 0 0 50000 #
f 1683.50 100 0 0 0 50000 #
f 1683.60 100 0 0 0 50000 #
f 1683.70 100 0 0 0 50000 #
f 1683.80 100 0 0 0 50000 #
f 1683.90 100 0 0 0 50000 #
f 1684.00 100 0 0 0 50000 #
f 1684.10 100 0 0 0 50000 #
f 1684.20 100 0 0 0 50000 #
f 1684.30 100 0 0 0 50000 #
f 1684.40 100 0 0 0 50000 #
f 1684.50 100 0 0 0 50000 #
