p 5 0
p 8 1
f 1684.60 100 0 0 0 50000 #
f 1684.70 100 0 0 0 50000 #
f 1684.80 100 0 0 0 50000 #
f 1684.90 100 0 0 0 50000 #
f 1685.00 100 0 0 0 50000 #
f 1685.10 100 0 0 0 50000 #
f 1685.20 100 0 0 0 50000 #
f 1685.30 100 0 0 0 50000 #
f 1685.40 100 0 0 0 50000 #
f 1685.50 100 0 0 0 50000 #
f 1685.60 100 0 0 0 50000 #
f 1685.70 100 0 0 0 50000 #
f 1685.80 100 0 0 0 50000 #
f 1685.90 100 0 0 0 50000 #
f 1686.00 100 0 0 0 50000 #
f 1686.10 100 0 0 0 50000 #
f 1686.20 100 0 0 0 50000 #
f 1686.30 100 0 0 0 50000 #
f 1686.40 100 0 0 0 50000 #
f 1686.50 100 0 0 0 50000 #
