p 5 0
p 8 1
f 1686.60 100 0 0 0 50000 #
f 1686.70 100 0 0 0 50000 #
f 1686.80 100 0 0 0 50000 #
f 1686.90 100 0 0 0 50000 #
f 1687.00 100 0 0 0 50000 #
f 1687.10 100 0 0 0 50000 #
f 1687.20 100 0 0 0 50000 #
f 1687.30 100 0 0 0 50000 #
f 1687.40 100 0 0 0 50000 #
f 1687.50 100 0 0 0 50000 #
f 1687.60 100 0 0 0 50000 #
f 1687.70 100 0 0 0 50000 #
f 1687.80 100 0 0 0 50000 #
f 1687.90 100 0 0 0 50000 #
f 1688.00 100 0 0 0 50000 #
f 1688.10 100 0 0 0 50000 #
f 1688.20 100 0 0 0 50000 #
f 1688.30 100 0 0 0 50000 #
f 1688.40 100 0 0 0 50000 #
f 1688.50 100 0 0 0 50000 #
