p 5 0
p 8 1


f 400.000 10 0 70 0 24000
f 400.020 10 0 70 0 24000
f 400.040 10 0 70 0 24000
f 400.060 10 0 70 0 24000
f 400.080 10 0 70 0 24000
f 400.100 10 0 70 0 24000
f 400.120 10 0 70 0 24000
f 400.140 10 0 70 0 24000
f 400.160 10 0 70 0 24000
f 400.180 10 0 70 0 24000
f 400.200 10 0 70 0 24000
f 400.220 10 0 70 0 24000
f 400.240 10 0 70 0 24000
f 400.260 10 0 70 0 24000
f 400.280 10 0 70 0 24000
f 400.300 10 0 70 0 24000
f 400.320 10 0 70 0 24000
f 400.340 10 0 70 0 24000
f 400.360 10 0 70 0 24000
f 400.380 10 0 70 0 24000
f 400.400 10 0 70 0 24000
f 400.420 10 0 70 0 24000
f 400.440 10 0 70 0 24000
f 400.460 10 0 70 0 24000
f 400.480 10 0 70 0 24000
f 400.500 10 0 70 0 24000
f 400.520 10 0 70 0 24000
f 400.540 10 0 70 0 24000
f 400.560 10 0 70 0 24000
f 400.580 10 0 70 0 24000
f 400.600 10 0 70 0 24000
f 400.620 10 0 70 0 24000
f 400.640 10 0 70 0 24000
f 400.680 10 0 70 0 24000
f 400.700 10 0 70 0 24000
f 400.720 10 0 70 0 24000
f 400.740 10 0 70 0 24000
f 400.780 10 0 70 0 24000
f 400.800 10 0 70 0 24000
f 400.820 10 0 70 0 24000
f 400.840 10 0 70 0 24000
f 400.860 10 0 70 0 24000
f 400.880 10 0 70 0 24000
f 400.900 10 0 70 0 24000
f 400.920 10 0 70 0 24000
f 400.940 10 0 70 0 24000
f 400.960 10 0 70 0 24000
f 400.980 10 0 70 0 24000

