p 5 0
p 8 1


f 401.000 10 0 70 0 24000
f 401.020 10 0 70 0 24000
f 401.040 10 0 70 0 24000
f 401.060 10 0 70 0 24000
f 401.080 10 0 70 0 24000
f 401.100 10 0 70 0 24000
f 401.120 10 0 70 0 24000
f 401.140 10 0 70 0 24000
f 401.160 10 0 70 0 24000
f 401.180 10 0 70 0 24000
f 401.200 10 0 70 0 24000
f 401.220 10 0 70 0 24000
f 401.240 10 0 70 0 24000
f 401.260 10 0 70 0 24000
f 401.280 10 0 70 0 24000
f 401.300 10 0 70 0 24000
f 401.320 10 0 70 0 24000
f 401.340 10 0 70 0 24000
f 401.360 10 0 70 0 24000
f 401.380 10 0 70 0 24000
f 401.400 10 0 70 0 24000
f 401.420 10 0 70 0 24000
f 401.440 10 0 70 0 24000
f 401.460 10 0 70 0 24000
f 401.480 10 0 70 0 24000
f 401.500 10 0 70 0 24000
f 401.520 10 0 70 0 24000
f 401.540 10 0 70 0 24000
f 401.560 10 0 70 0 24000
f 401.580 10 0 70 0 24000
f 401.600 10 0 70 0 24000
f 401.620 10 0 70 0 24000
f 401.640 10 0 70 0 24000
f 401.680 10 0 70 0 24000
f 401.700 10 0 70 0 24000
f 401.720 10 0 70 0 24000
f 401.740 10 0 70 0 24000
f 401.780 10 0 70 0 24000
f 401.800 10 0 70 0 24000
f 401.820 10 0 70 0 24000
f 401.840 10 0 70 0 24000
f 401.860 10 0 70 0 24000
f 401.880 10 0 70 0 24000
f 401.900 10 0 70 0 24000
f 401.920 10 0 70 0 24000
f 401.940 10 0 70 0 24000
f 401.960 10 0 70 0 24000
f 401.980 10 0 70 0 24000

