p 5 0
p 8 1


f 402.000 10 0 70 0 24000
f 402.020 10 0 70 0 24000
f 402.040 10 0 70 0 24000
f 402.060 10 0 70 0 24000
f 402.080 10 0 70 0 24000
f 402.100 10 0 70 0 24000
f 402.120 10 0 70 0 24000
f 402.140 10 0 70 0 24000
f 402.160 10 0 70 0 24000
f 402.180 10 0 70 0 24000
f 402.200 10 0 70 0 24000
f 402.220 10 0 70 0 24000
f 402.240 10 0 70 0 24000
f 402.260 10 0 70 0 24000
f 402.280 10 0 70 0 24000
f 402.300 10 0 70 0 24000
f 402.320 10 0 70 0 24000
f 402.340 10 0 70 0 24000
f 402.360 10 0 70 0 24000
f 402.380 10 0 70 0 24000
f 402.400 10 0 70 0 24000
f 402.420 10 0 70 0 24000
f 402.440 10 0 70 0 24000
f 402.460 10 0 70 0 24000
f 402.480 10 0 70 0 24000
f 402.500 10 0 70 0 24000
f 402.520 10 0 70 0 24000
f 402.540 10 0 70 0 24000
f 402.560 10 0 70 0 24000
f 402.580 10 0 70 0 24000
f 402.600 10 0 70 0 24000
f 402.620 10 0 70 0 24000
f 402.640 10 0 70 0 24000
f 402.680 10 0 70 0 24000
f 402.700 10 0 70 0 24000
f 402.720 10 0 70 0 24000
f 402.740 10 0 70 0 24000
f 402.780 10 0 70 0 24000
f 402.800 10 0 70 0 24000
f 402.820 10 0 70 0 24000
f 402.840 10 0 70 0 24000
f 402.860 10 0 70 0 24000
f 402.880 10 0 70 0 24000
f 402.900 10 0 70 0 24000
f 402.920 10 0 70 0 24000
f 402.940 10 0 70 0 24000
f 402.960 10 0 70 0 24000
f 402.980 10 0 70 0 24000

