p 5 0
p 8 1


f 403.000 10 0 70 0 24000
f 403.020 10 0 70 0 24000
f 403.040 10 0 70 0 24000
f 403.060 10 0 70 0 24000
f 403.080 10 0 70 0 24000
f 403.100 10 0 70 0 24000
f 403.120 10 0 70 0 24000
f 403.140 10 0 70 0 24000
f 403.160 10 0 70 0 24000
f 403.180 10 0 70 0 24000
f 403.200 10 0 70 0 24000
f 403.220 10 0 70 0 24000
f 403.240 10 0 70 0 24000
f 403.260 10 0 70 0 24000
f 403.280 10 0 70 0 24000
f 403.300 10 0 70 0 24000
f 403.320 10 0 70 0 24000
f 403.340 10 0 70 0 24000
f 403.360 10 0 70 0 24000
f 403.380 10 0 70 0 24000
f 403.400 10 0 70 0 24000
f 403.420 10 0 70 0 24000
f 403.440 10 0 70 0 24000
f 403.460 10 0 70 0 24000
f 403.480 10 0 70 0 24000
f 403.500 10 0 70 0 24000
f 403.520 10 0 70 0 24000
f 403.540 10 0 70 0 24000
f 403.560 10 0 70 0 24000
f 403.580 10 0 70 0 24000
f 403.600 10 0 70 0 24000
f 403.620 10 0 70 0 24000
f 403.640 10 0 70 0 24000
f 403.680 10 0 70 0 24000
f 403.700 10 0 70 0 24000
f 403.720 10 0 70 0 24000
f 403.740 10 0 70 0 24000
f 403.780 10 0 70 0 24000
f 403.800 10 0 70 0 24000
f 403.820 10 0 70 0 24000
f 403.840 10 0 70 0 24000
f 403.860 10 0 70 0 24000
f 403.880 10 0 70 0 24000
f 403.900 10 0 70 0 24000
f 403.920 10 0 70 0 24000
f 403.940 10 0 70 0 24000
f 403.960 10 0 70 0 24000
f 403.980 10 0 70 0 24000

