p 5 0
p 8 1


f 404.000 10 0 70 0 24000
f 404.020 10 0 70 0 24000
f 404.040 10 0 70 0 24000
f 404.060 10 0 70 0 24000
f 404.080 10 0 70 0 24000
f 404.100 10 0 70 0 24000
f 404.120 10 0 70 0 24000
f 404.140 10 0 70 0 24000
f 404.160 10 0 70 0 24000
f 404.180 10 0 70 0 24000
f 404.200 10 0 70 0 24000
f 404.220 10 0 70 0 24000
f 404.240 10 0 70 0 24000
f 404.260 10 0 70 0 24000
f 404.280 10 0 70 0 24000
f 404.300 10 0 70 0 24000
f 404.320 10 0 70 0 24000
f 404.340 10 0 70 0 24000
f 404.360 10 0 70 0 24000
f 404.380 10 0 70 0 24000
f 404.400 10 0 70 0 24000
f 404.420 10 0 70 0 24000
f 404.440 10 0 70 0 24000
f 404.460 10 0 70 0 24000
f 404.480 10 0 70 0 24000
f 404.500 10 0 70 0 24000
f 404.520 10 0 70 0 24000
f 404.540 10 0 70 0 24000
f 404.560 10 0 70 0 24000
f 404.580 10 0 70 0 24000
f 404.600 10 0 70 0 24000
f 404.620 10 0 70 0 24000
f 404.640 10 0 70 0 24000
f 404.680 10 0 70 0 24000
f 404.700 10 0 70 0 24000
f 404.720 10 0 70 0 24000
f 404.740 10 0 70 0 24000
f 404.780 10 0 70 0 24000
f 404.800 10 0 70 0 24000
f 404.820 10 0 70 0 24000
f 404.840 10 0 70 0 24000
f 404.860 10 0 70 0 24000
f 404.880 10 0 70 0 24000
f 404.900 10 0 70 0 24000
f 404.920 10 0 70 0 24000
f 404.940 10 0 70 0 24000
f 404.960 10 0 70 0 24000
f 404.980 10 0 70 0 24000

