p 5 0
p 8 1


f 405.000 10 0 70 0 24000
f 405.020 10 0 70 0 24000
f 405.040 10 0 70 0 24000
f 405.060 10 0 70 0 24000
f 405.080 10 0 70 0 24000
f 405.100 10 0 70 0 24000
f 405.120 10 0 70 0 24000
f 405.140 10 0 70 0 24000
f 405.160 10 0 70 0 24000
f 405.180 10 0 70 0 24000
f 405.200 10 0 70 0 24000
f 405.220 10 0 70 0 24000
f 405.240 10 0 70 0 24000
f 405.260 10 0 70 0 24000
f 405.280 10 0 70 0 24000
f 405.300 10 0 70 0 24000
f 405.320 10 0 70 0 24000
f 405.340 10 0 70 0 24000
f 405.360 10 0 70 0 24000
f 405.380 10 0 70 0 24000
f 405.400 10 0 70 0 24000
f 405.420 10 0 70 0 24000
f 405.440 10 0 70 0 24000
f 405.460 10 0 70 0 24000
f 405.480 10 0 70 0 24000
f 405.500 10 0 70 0 24000
f 405.520 10 0 70 0 24000
f 405.540 10 0 70 0 24000
f 405.560 10 0 70 0 24000
f 405.580 10 0 70 0 24000
f 405.600 10 0 70 0 24000
f 405.620 10 0 70 0 24000
f 405.640 10 0 70 0 24000
f 405.680 10 0 70 0 24000
f 405.700 10 0 70 0 24000
f 405.720 10 0 70 0 24000
f 405.740 10 0 70 0 24000
f 405.780 10 0 70 0 24000
f 405.800 10 0 70 0 24000
f 405.820 10 0 70 0 24000
f 405.840 10 0 70 0 24000
f 405.860 10 0 70 0 24000
f 405.880 10 0 70 0 24000
f 405.900 10 0 70 0 24000
f 405.920 10 0 70 0 24000
f 405.940 10 0 70 0 24000
f 405.960 10 0 70 0 24000
f 405.980 10 0 70 0 24000
f 405.990 10 0 70 0 24000

