p 5 0
p 8 1
f 404.000 15 -6500 50 0 24000 #M10
f 403.790 10 0 70 60 12000 #Lindenberg-DFM09
f 403.750 10 0 60 60 12000 #Senica-DFM09
#f 403.690 60 0 70 0 12000 #
f 403.670 10 0 60 60 12000 #Senica-DFM06
#f 403.630 60 0 0 0 12000 #
#f 403.590 60 0 0 0 12000 #
f 403.500 10 0 0 70 12000 #Łeba
f 403.400 10 0 70 60 12000 #
#f 403.390 60 0 0 0 12000 #
f 403.350 5 0 70 70 12000 #Wiedeń
f 403.100 5 0 70 70 12000 #Łeba,
#f 403.010 5 0 0 60 12000 #Budapeszt-DFM09
f 403.000 5 0 0 70 12000 #Łeba,
f 402.900 20 0 60 60 12000 #Amberg
f 402.870 20 0 60 60 12000 #Amberg
f 402.700 20 0 70 60 12000 #Amberg
