p 5 0
p 8 1
f 400.600 10 0 0 60 12000 #poprad
f 401.000 10 0 0 60 12000 #wieden
f 401.100 10 0 0 60 12000 #praga
#f 401.500 10 0 90 60 12000 #poprad
f 401.600 10 28 30 60 12000 #?
#f 402.000 5 0 60 60 12000 #?
f 402.000 2 -6400 60 0 12000 #M10
f 402.010 2 0 80 60 12000 #Segedyn
f 402.100 10 0 0 60 12000 #Prosciejow
f 402.200 10 0 70 60 12000 #?
f 402.300 10 0 70 60 12000 #Greifswald
#f 402.500 10 0 0 60 12000 #nowa

#f 401.465 20 1200 0 0 24000 #pilotSonde
#f 401.464 20 0 0 0 24000 #pilotka
f 401.464 20 1000 80 0 24000 #pilotka
f 402.470 20 0 90 0 24000 #pilotSonde
f 402.471 20 1200 90 0 24000 #pilotSonde
